R
2.73071768
2.543347781
2.456625784
2.968055363
1.658961303
2.625514673
1.417064024
1.389696935
2.048004436
2.79768256
2.059756817
1.884977556
2.686632703
1.958599622
2.421150405
1.573289902
1.649445466
2.256213586
1.40633207
2.596851074
1.820478453
2.859996675
2.183667363
1.953387193
1.698116359
1.595235514
1.394030961
1.573289902
2.001997673
2.002849204
2.216872413
1.773497931
0.910239227
1.737177928
0.910239227
1.442695041
2.202605863
0.757846363
1.383905025
1.275715956
1.442695041
1.668129566
2.164042561
1.200406514
1.063490343
1.442695041
2.164042561
1.894615908
1.34641254
1.207288813
0
2.885390082
1.864004804
2.055593369
2.510254026
1.902636108
1.754832789
1.949356226
3.031385454
2.455421411
1.609718418
2.652462272
2.769378934
1.764084623
3.235154531
1.14399867
0
0.705912248
1.001424602
0
